




%%


nino3p4 = [  26.27  26.29  26.98  27.49  27.68  27.24  26.88  26.70  26.44  26.22  26.26  26.22
   26.23  26.56  26.94  27.36  27.75  27.67  26.89  26.19  25.78  25.71  26.07  25.97
   25.96  26.19  26.80  27.13  27.05  27.08  26.76  26.33  25.94  25.97  25.75  25.67
   25.77  26.22  27.18  27.78  27.63  27.62  27.78  27.48  27.40  27.36  27.47  27.62
   27.34  27.13  27.02  26.95  26.82  26.59  26.33  25.60  25.32  25.37  25.26  25.23
   25.66  26.19  26.94  27.38  27.99  28.09  27.90  27.97  28.01  28.17  28.12  27.96
   27.67  27.55  28.21  28.16  27.55  27.64  27.33  26.48  26.27  26.22  26.23  26.03
   25.88  26.11  26.50  26.74  27.35  27.47  26.97  26.44  25.86  25.97  26.08  25.95
   25.69  25.68  26.33  27.10  27.19  27.88  27.58  27.01  26.72  26.75  27.20  27.27
   27.50  27.86  27.82  28.13  28.29  27.69  27.08  27.02  27.15  27.34  27.10  26.98
   26.83  26.95  27.14  27.74  27.63  27.04  26.21  25.60  25.65  25.60  25.57  25.27
   24.81  25.18  25.92  26.63  26.95  26.60  26.13  25.75  25.72  25.47  25.56  25.37
   25.62  26.30  27.09  27.89  28.32  28.18  28.14  27.95  27.95  28.26  28.61  28.69
   28.34  27.95  27.55  27.24  26.96  26.55  25.76  25.22  25.06  24.73  24.33  24.33
   24.46  25.10  25.84  26.46  26.64  26.53  26.39  26.33  26.08  25.78  25.61  25.63];

nino4 = [  27.62  27.44  27.75  28.01  28.42  28.33  28.15  28.06  28.05  28.16  28.32  28.41
   27.97  27.79  27.79  27.91  28.28  28.46  28.19  27.92  28.06  27.83  28.09  28.00
   27.65  27.54  27.76  28.04  28.11  28.38  28.13  27.98  27.91  27.94  27.90  27.74
   27.45  27.48  27.98  28.29  28.40  28.32  28.62  28.79  29.00  28.99  28.70  28.54
   28.41  28.05  27.68  28.02  28.21  27.94  27.79  27.41  27.05  27.14  26.95  26.94
   27.23  27.44  27.57  27.71  28.50  28.88  28.91  28.91  28.88  29.28  29.10  28.87
   28.70  28.64  29.08  28.80  28.86  28.93  28.98  28.58  28.57  28.68  28.64  28.21
   27.60  27.41  27.82  28.44  28.76  28.58  28.52  28.32  28.20  28.33  28.34  28.15
   27.86  27.73  27.75  28.17  28.32  28.88  28.55  28.58  28.57  28.69  29.10  29.16
   29.24  29.28  28.95  29.03  29.25  28.93  28.73  28.92  29.16  29.32  29.19  28.93
   28.53  28.49  28.33  28.58  28.82  28.62  28.44  27.89  27.65  27.59  27.57  27.04
   26.65  26.81  27.01  27.46  27.85  27.83  27.69  27.54  27.30  27.44  27.71  27.86
   27.63  27.89  28.16  28.74  29.03  29.07  29.03  28.75  28.87  29.16  29.23  29.21
   28.99  28.59  28.33  28.25  28.48  28.15  27.85  27.44  27.27  27.11  26.77  26.50
   26.30  26.72  27.17  27.43  27.77  27.89  27.74  27.97  27.71  27.53  27.55  27.42];


nino3p4_ano = [  -0.10  -0.10  -0.07   0.03   0.02   0.03   0.13   0.24   0.27   0.20   0.12   0.05
    0.04   0.03   0.04   0.09   0.23   0.27   0.14  -0.13  -0.30  -0.26  -0.19  -0.16
   -0.24  -0.22  -0.20  -0.26  -0.28  -0.20  -0.04  -0.07  -0.11  -0.22  -0.31  -0.43
   -0.40  -0.15   0.15   0.27   0.31   0.52   0.86   1.14   1.22   1.29   1.37   1.31
    1.07   0.62   0.12  -0.33  -0.58  -0.58  -0.60  -0.66  -0.76  -0.80  -0.82  -0.78
   -0.59  -0.28  -0.07   0.18   0.46   0.83   1.22   1.54   1.85   1.98   1.97   1.72
    1.37   1.17   0.98   0.66   0.35   0.24   0.24   0.12  -0.05  -0.10  -0.18  -0.30
   -0.41  -0.48  -0.53  -0.45  -0.24  -0.00   0.05  -0.16  -0.30  -0.38  -0.34  -0.44
   -0.64  -0.74  -0.62  -0.44  -0.04   0.28   0.58   0.53   0.45   0.55   0.73   0.98
    1.13   1.09   0.95   0.77   0.61   0.43   0.36   0.51   0.79   0.86   0.81   0.63
    0.51   0.34   0.29   0.19   0.04  -0.30  -0.63  -0.76  -0.77  -0.74  -0.86  -1.15
   -1.36  -1.38  -1.12  -0.85  -0.73  -0.74  -0.80  -0.77  -0.82  -0.85  -0.96  -0.90
   -0.71  -0.35   0.06   0.41   0.67   0.92   1.13   1.37   1.58   1.84   2.09   2.12
    1.84   1.25   0.54  -0.10  -0.54  -0.87  -1.11  -1.28  -1.45  -1.71  -1.95  -2.03
   -1.84  -1.55  -1.23  -1.03  -0.91  -0.77  -0.53  -0.37  -0.41  -0.61  -0.75  -0.64]';





pdo = [ 0.2400
    0.6100
    0.2300
    0.2100
    0.3500
    1.2000
   -0.4200
   -0.3100
   -0.9600
   -0.3400
   -0.3400
         0
    0.8900
    0.9200
    0.6400
    0.2800
   -0.5400
   -0.7000
   -1.2300
   -0.8700
   -1.3400
   -1.7800
   -1.4300
   -1.7300
   -1.0000
   -0.8700
   -1.0600
   -0.9500
   -1.3000
   -1.7100
   -1.8300
   -0.6600
   -1.4700
   -1.7600
   -0.3800
   -0.2300
    0.1200
    0.1500
   -0.2800
   -0.2700
   -1.2600
   -0.6000
   -1.1100
   -1.0100
    1.0800
    0.3400
   -0.5000
    0.4500
    0.3400
    0.2100
   -0.7100
   -1.2700
   -2.3900
   -0.8600
   -1.0800
   -1.6000
   -1.3500
   -0.6400
   -0.6800
   -0.6200
   -0.9500
   -0.6100
   -0.1700
   -0.0100
   -0.6600
   -0.7600
   -0.7400
    0.3200
    0.8300
    0.3000
    0.4700
    0.2500
   -0.6700
   -0.4300
   -1.0000
   -0.3700
   -0.7600
    0.1000
    0.0100
   -0.2900
   -0.3500
   -0.6000
   -0.7100
   -0.2100
   -0.2400
   -0.2500
   -0.8000
   -1.1300
   -1.5400
   -1.2000
   -1.2100
   -1.5500
   -0.6000
   -0.0600
    0.3600
   -0.6800
   -0.6500
   -0.1900
    0.0800
   -0.6900
   -0.7900
    0.1400
    0.4400
   -0.0100
    0.2600
   -0.1800
    0.0300
   -0.2900
   -0.7100
   -1.2200
   -1.2100
   -1.0700
   -1.0600
    0.8400
   -0.3700
   -0.9200
   -1.0700
    0.9500
    0.5800
    1.1300
    1.0600
    1.0100
    1.2000
    0.3100
   -0.8900
   -0.1200
   -0.9200
   -1.7900
   -1.6800
   -1.2000
   -0.9200
   -0.9100
   -1.3400
   -1.4500
   -1.5500
   -1.7000
   -1.7500
   -1.8600
   -2.2500
   -0.3200
   -0.1700
   -0.3500
   -1.2800
   -1.7700
   -2.1200
   -1.9500
   -1.5300
   -1.7000
   -2.1600
   -1.8400
   -1.4800
   -0.1100
   -0.2000
   -0.2200
   -0.0500
   -0.3700
   -0.1500
   -0.5500
   -0.8800
   -1.3500
   -1.5900
   -1.4400
   -1.4000
   -1.5600
   -1.0500
   -1.3600
   -1.4200
   -0.8900
   -0.8600
   -1.3800
   -1.2100
   -0.6200
   -0.7200
   -0.3700
    0.0200
   -0.2700
    0.7100
    0.1900
    0.6100
    0.2700];


%%


